alpha[1]	1	500
alpha[2]	501	1000
alpha[3]	1001	1500
alpha[4]	1501	2000
alpha[5]	2001	2500
alpha[6]	2501	3000
alpha[7]	3001	3500
alpha[8]	3501	4000
alpha[9]	4001	4500
alpha[10]	4501	5000
alpha[11]	5001	5500
alpha[12]	5501	6000
alpha[13]	6001	6500
alpha[14]	6501	7000
alpha[15]	7001	7500
alpha[16]	7501	8000
alpha.mu	8001	8500
alpha.sigma	8501	9000
beta[1]	9001	9500
beta[2]	9501	10000
beta[3]	10001	10500
beta[4]	10501	11000
beta[5]	11001	11500
beta[6]	11501	12000
beta[7]	12001	12500
beta[8]	12501	13000
beta[9]	13001	13500
beta[10]	13501	14000
beta[11]	14001	14500
beta[12]	14501	15000
beta[13]	15001	15500
beta[14]	15501	16000
beta[15]	16001	16500
beta[16]	16501	17000
beta.mu	17001	17500
beta.sigma	17501	18000
sigma	18001	18500
